# Created by Octave 3.0.0, Thu Jul 10 12:35:55 2008 JST <root@server1>
# name: centers
# type: matrix
# rows: 32
# columns: 4
 -3.1416 -3.1416 -3.1416 -3.1416
 -3.1416 -1.5708 -3.1416 -3.1416
 -3.1416 0 -3.1416 -3.1416
 -3.1416 3.1416 -3.1416 -3.1416
 -1.5708 -3.1416 -3.1416 -3.1416
 -1.5708 -1.5708 -3.1416 -3.1416
 -1.5708 0 -3.1416 -3.1416
 -1.5708 3.1416 -3.1416 -3.1416
 0 -3.1416 -3.1416 -3.1416
 0 -1.5708 -3.1416 -3.1416
 0 0 -3.1416 -3.1416
 0 3.1416 -3.1416 -3.1416
 3.1416 -3.1416 -3.1416 -3.1416
 3.1416 -1.5708 -3.1416 -3.1416
 3.1416 0 -3.1416 -3.1416
 3.1416 3.1416 -3.1416 -3.1416
 -3.1416 -3.1416 3.1416 3.1416
 -3.1416 -1.5708 3.1416 3.1416
 -3.1416 0 3.1416 3.1416
 -3.1416 3.1416 3.1416 3.1416
 -1.5708 -3.1416 3.1416 3.1416
 -1.5708 -1.5708 3.1416 3.1416
 -1.5708 0 3.1416 3.1416
 -1.5708 3.1416 3.1416 3.1416
 0 -3.1416 3.1416 3.1416
 0 -1.5708 3.1416 3.1416
 0 0 3.1416 3.1416
 0 3.1416 3.1416 3.1416
 3.1416 -3.1416 3.1416 3.1416
 3.1416 -1.5708 3.1416 3.1416
 3.1416 0 3.1416 3.1416
 3.1416 3.1416 3.1416 3.1416
